0.00000000 0.00000000
0.00258665 0.00428242
0.00519288 0.00854027
0.00781863 0.01277358
0.01046379 0.01698239
0.01312829 0.02116672
0.01581204 0.02532659
0.01851496 0.02946204
0.02123696 0.03357310
0.02397796 0.03765979
0.02673787 0.04172214
0.02951661 0.04576017
0.03231410 0.04977393
0.03513025 0.05376343
0.03796497 0.05772870
0.04081818 0.06166978
0.04368980 0.06558669
0.04657975 0.06947945
0.04948793 0.07334810
0.05241426 0.07719266
0.05535866 0.08101317
0.05832105 0.08480965
0.06130133 0.08858212
0.06429944 0.09233062
0.06731527 0.09605518
0.07034875 0.09975582
0.07339979 0.10343258
0.07646831 0.10708547
0.07955422 0.11071453
0.08265744 0.11431978
0.08577788 0.11790126
0.08891546 0.12145900
0.09207010 0.12499301
0.09524170 0.12850333
0.09843020 0.13198999
0.10163549 0.13545301
0.10485750 0.13889243
0.10809615 0.14230826
0.11135134 0.14570055
0.11462299 0.14906931
0.11791102 0.15241458
0.12121535 0.15573639
0.12453589 0.15903475
0.12787255 0.16230971
0.13122526 0.16556128
0.13459392 0.16878950
0.13797845 0.17199440
0.14137877 0.17517600
0.14479479 0.17833433
0.14822643 0.18146942
0.15167361 0.18458129
0.15513623 0.18766999
0.15861422 0.19073552
0.16210749 0.19377793
0.16561596 0.19679724
0.16913953 0.19979347
0.17267814 0.20276667
0.17623168 0.20571684
0.17980009 0.20864403
0.18338327 0.21154826
0.18698113 0.21442956
0.19059360 0.21728796
0.19422059 0.22012348
0.19786202 0.22293616
0.20151780 0.22572601
0.20518784 0.22849308
0.20887207 0.23123739
0.21257039 0.23395896
0.21628273 0.23665782
0.22000899 0.23933401
0.22374910 0.24198755
0.22750297 0.24461847
0.23148157 0.24757791
0.23526837 0.25077911
0.23884870 0.25420969
0.24220868 0.25785634
0.24533531 0.26170495
0.24821646 0.26574060
0.25084099 0.26994767
0.25319873 0.27430985
0.25528054 0.27881026
0.25707835 0.28343145
0.25858521 0.28815553
0.25979528 0.29296420
0.26070387 0.29783883
0.26130747 0.30276054
0.26160372 0.30771027
0.26159149 0.31266884
0.26127083 0.31761704
0.26064297 0.32253572
0.25971034 0.32740581
0.25847657 0.33220845
0.25694643 0.33692504
0.25512584 0.34153731
0.25302186 0.34602739
0.25064263 0.35037789
0.25000000 0.35000000
0.24756438 0.35417084
0.24515492 0.35835481
0.24277157 0.36255180
0.24041429 0.36676173
0.23808305 0.37098449
0.23577779 0.37522000
0.23349849 0.37946814
0.23124509 0.38372884
0.22901756 0.38800199
0.22681587 0.39228749
0.22463996 0.39658526
0.22248980 0.40089519
0.22036534 0.40521718
0.21826655 0.40955115
0.21619339 0.41389699
0.21414582 0.41825461
0.21212379 0.42262392
0.21012727 0.42700481
0.20815621 0.43139719
0.20621057 0.43580097
0.20429032 0.44021605
0.20239541 0.44464232
0.20052581 0.44907971
0.19868147 0.45352810
0.19686234 0.45798741
0.19506840 0.46245754
0.19329960 0.46693839
0.19155590 0.47142986
0.18983726 0.47593187
0.18814364 0.48044431
0.18647500 0.48496708
0.18483130 0.48950010
0.18321249 0.49404326
0.18161855 0.49859647
0.18004941 0.50315963
0.17850506 0.50773265
0.17698544 0.51231543
0.17549052 0.51690788
0.17402025 0.52150989
0.17257459 0.52612138
0.17115351 0.53074224
0.16975697 0.53537238
0.16838491 0.54001171
0.16703731 0.54466012
0.16571412 0.54931753
0.16441531 0.55398383
0.16314082 0.55865893
0.16189062 0.56334274
0.16066468 0.56803515
0.15946294 0.57273607
0.15946294 0.57273607
0.16296200 0.57651890
0.16648378 0.58028412
0.17002816 0.58403170
0.17359501 0.58776162
0.17718423 0.59147385
0.18079568 0.59516837
0.18442924 0.59884516
0.18808478 0.60250420
0.19176220 0.60614547
0.19546135 0.60976893
0.19918212 0.61337458
0.20292440 0.61696239
0.20668804 0.62053233
0.21047294 0.62408438
0.21390974 0.62756496
0.21705209 0.63131351
0.21987920 0.63530519
0.22237232 0.63951356
0.22451494 0.64391074
0.22629286 0.64846760
0.22769432 0.65315396
0.22871001 0.65793877
0.22933323 0.66279033
0.22955983 0.66767650
0.22938832 0.67256491
0.22881983 0.67742319
0.22785813 0.68221914
0.22650959 0.68692100
0.22478314 0.69149761
0.22269022 0.69591866
0.22024469 0.70015487
0.22000000 0.70000000
0.21761842 0.70378198
0.21525278 0.70757679
0.21290308 0.71138436
0.21056931 0.71520459
0.20825148 0.71903743
0.20594959 0.72288278
0.20366363 0.72674056
0.20139360 0.73061070
0.19913951 0.73449311
0.19690135 0.73838772
0.19467912 0.74229445
0.19247283 0.74621322
0.19028247 0.75014395
0.18810804 0.75408655
0.18594954 0.75804095
0.18380697 0.76200708
0.18168033 0.76598484
0.17956962 0.76997416
0.17747484 0.77397497
0.17539599 0.77798718
0.17333307 0.78201071
0.17128607 0.78604548
0.16925500 0.79009141
0.16723986 0.79414843
0.16524065 0.79821646
0.16325736 0.80229541
0.16129000 0.80638520
0.15933856 0.81048576
0.15740305 0.81459700
0.15548346 0.81871886
0.15357979 0.82285124
0.15169205 0.82699406
0.14982023 0.83114726
0.14796433 0.83531074
0.14612435 0.83948444
0.14430030 0.84366826
0.14249216 0.84786213
0.14069995 0.85206598
0.13892366 0.85627971
0.13716328 0.86050326
0.13541883 0.86473654
0.13369029 0.86897947
0.13197767 0.87323198
0.13028097 0.87749398
0.12860018 0.88176539
0.12693532 0.88604614
0.12528636 0.89033614
0.12365333 0.89463532
0.12203621 0.89894360
0.12043500 0.90326089
0.11884971 0.90758712
0.11728033 0.91192221
0.11572687 0.91626607
0.11418931 0.92061864
0.11266767 0.92497982
0.11116195 0.92934954
0.10967213 0.93372772
0.10819822 0.93811429
0.10674023 0.94250915
0.10529814 0.94691224
0.10387197 0.95132347
0.10246170 0.95574276
0.10106735 0.96017004
0.09968890 0.96460522
0.09832635 0.96904822
0.09697972 0.97349897
0.09564899 0.97795738
0.09433417 0.98242338
0.09303526 0.98689688
0.09175225 0.99137781
0.09048514 0.99586609
0.08923394 1.00036164
0.08799864 1.00486437
0.08677925 1.00937422
0.08557576 1.01389109
0.08438817 1.01841491
0.08321649 1.02294561
0.08206070 1.02748309
0.08092082 1.03202728
0.07979684 1.03657811
0.07868876 1.04113549
0.07759658 1.04569934
0.07652029 1.05026958
0.07545991 1.05484614
0.07441542 1.05942893
0.07338684 1.06401788
0.07237415 1.06861290
0.07137735 1.07321392
0.07039646 1.07782085
0.06943146 1.08243362
0.06848235 1.08705215
0.06754914 1.09167636
0.06663183 1.09630616
0.06573040 1.10094148
0.06484488 1.10558224
0.06397524 1.11022836
0.06312150 1.11487977
0.06228365 1.11953637
0.06146170 1.12419809
0.06065563 1.12886486
0.05986545 1.13353658
0.05909117 1.13821319
0.05833278 1.14289461
0.05759027 1.14758074
0.05686365 1.15227152
0.05615293 1.15696687
0.05545809 1.16166670
0.05477914 1.16637093
0.05411607 1.17107950
0.05346889 1.17579231
0.05283760 1.18050928
0.05222220 1.18523035
0.05162267 1.18995542
0.05103904 1.19468442
0.05047129 1.19941727
0.04991942 1.20415389
0.04938344 1.20889420
0.04886333 1.21363812
0.04835912 1.21838557
0.04787078 1.22313647
0.04739832 1.22789075
0.04694175 1.23264832
0.04650106 1.23740910
0.04607624 1.24217301
0.04566731 1.24693998
0.04527426 1.25170992
0.04489708 1.25648276
0.04453578 1.26125842
0.04419036 1.26603681
0.04386082 1.27081785
0.04354716 1.27560148
0.04324937 1.28038760
0.04296746 1.28517614
0.04270142 1.28996702
0.04245126 1.29476016
0.04221697 1.29955547
0.04199855 1.30435289
0.04179601 1.30915233
0.04160935 1.31395371
0.04143855 1.31875695
0.04128363 1.32356197
0.04114458 1.32836870
0.04102140 1.33317705
0.04091409 1.33798694
0.04082266 1.34279830
0.04074709 1.34761104
0.04068739 1.35242508
0.04064356 1.35724036
0.04061560 1.36205677
0.04060351 1.36687426
0.04060728 1.37169273
0.04062692 1.37651211
0.04066243 1.38133232
0.04071381 1.38615327
0.04078105 1.39097490
0.04086415 1.39579711
0.04096312 1.40061984
0.04107796 1.40544300
0.04120865 1.41026650
0.04135522 1.41509028
0.04151764 1.41991425
0.04169593 1.42473833
0.04189008 1.42956245
0.04210009 1.43438652
0.04232596 1.43921046
0.04256769 1.44403420
0.04282528 1.44885766
0.04309873 1.45368074
0.04338804 1.45850339
0.04369321 1.46332551
0.04401424 1.46814703
0.04435112 1.47296787
0.04470387 1.47778794
0.04507247 1.48260718
0.04545692 1.48742549
0.04585723 1.49224280
0.04627340 1.49705903
0.04670542 1.50187410
0.04715330 1.50668794
0.04761703 1.51150045
0.04809661 1.51631157
0.04859205 1.52112121
0.04910334 1.52592929
0.04963048 1.53073574
0.05017347 1.53554047
0.05073232 1.54034341
0.05130701 1.54514447
0.05189756 1.54994357
0.05250396 1.55474064
0.05312620 1.55953560
0.05376429 1.56432837
0.05441824 1.56911886
0.05508803 1.57390700
0.05577366 1.57869271
0.05647515 1.58347591
0.05719248 1.58825652
0.05792566 1.59303446
0.05867468 1.59780965
0.05943955 1.60258201
0.06022026 1.60735146
0.06101681 1.61211792
0.06182921 1.61688132
0.06265746 1.62164157
0.06350154 1.62639859
0.06436147 1.63115231
0.06523724 1.63590264
0.06612886 1.64064951
0.06703631 1.64539283
0.06795960 1.65013253
0.06889874 1.65486852
0.06985371 1.65960073
0.07082452 1.66432908
0.07181117 1.66905349
0.07281366 1.67377388
0.07383199 1.67849016
0.07486615 1.68320227
0.07591615 1.68791011
0.07698199 1.69261362
