0.25000000 0.35000000
0.40000000 0.10000000
0.47000000 0.29000000
0.38000000 0.38000000
0.60000000 0.40000000
0.40000000 0.60000000
0.20000000 0.70000000
0.20000000 0.15000000
0.05000000 1.27000000
0.25000000 0.90000000
0.03000000 0.40000000
0.58000000 0.63000000
0.15000000 0.05000000
0.31000000 0.20000000
0.64000000 0.23000000
0.31000000 0.93000000
0.03000000 0.38000000
0.30000000 0.03000000
0.56000000 0.06000000
0.13000000 1.00000000
0.38000000 0.74000000
0.11000000 1.28000000
0.17000000 1.09000000
-0.01000000 1.13000000
0.42000000 0.49000000
0.00000000 0.88000000
-0.11000000 1.28000000
0.45000000 0.47000000
0.12000000 0.33000000
-0.02000000 1.31000000
0.15000000 0.69000000
0.14000000 0.46000000
0.19000000 0.49000000
-0.23000000 0.64800000
-0.15000000 0.62000000
